Simulation Iteration Time Var1 Var2
1.00000 0.00000 0.00000 1000.00 40.0000
2.00000 0.00000 0.00000 1000.00 40.0000
3.00000 0.00000 0.00000 1000.00 40.0000
4.00000 0.00000 0.00000 1000.00 40.0000
5.00000 0.00000 0.00000 1000.00 40.0000
6.00000 0.00000 0.00000 1000.00 40.0000
7.00000 0.00000 0.00000 1000.00 40.0000
8.00000 0.00000 0.00000 1000.00 40.0000
9.00000 0.00000 0.00000 1000.00 40.0000
10.0000 0.00000 0.00000 1000.00 40.0000
1.00000 0.00000 0.0462820 1001.00 39.0000
2.00000 0.00000 0.00883370 1001.00 39.0000
3.00000 0.00000 0.0332038 1001.00 39.0000
4.00000 0.00000 0.00462019 1001.00 39.0000
5.00000 0.00000 0.00227939 1000.00 39.0000
6.00000 0.00000 0.114708 1001.00 39.0000
7.00000 0.00000 0.0237102 1000.00 39.0000
8.00000 0.00000 0.00422688 1000.00 39.0000
9.00000 0.00000 0.0221049 1000.00 39.0000
10.0000 0.00000 0.0291120 1001.00 39.0000
1.00000 1.00000 0.0507381 1002.00 38.0000
2.00000 1.00000 0.0228053 1002.00 38.0000
3.00000 1.00000 0.0501633 1002.00 38.0000
4.00000 1.00000 0.00483896 1002.00 38.0000
5.00000 1.00000 0.0183464 1000.00 38.0000
6.00000 1.00000 0.127825 1002.00 38.0000
7.00000 1.00000 0.0468826 1001.00 38.0000
8.00000 1.00000 0.0240473 1000.00 38.0000
9.00000 1.00000 0.0693407 1000.00 38.0000
10.0000 1.00000 0.102073 1001.00 38.0000
1.00000 2.00000 0.126739 1002.00 37.0000
2.00000 2.00000 0.0571905 1003.00 37.0000
3.00000 2.00000 0.0846261 1003.00 37.0000
4.00000 2.00000 0.0437854 1002.00 37.0000
5.00000 2.00000 0.0917985 1001.00 37.0000
6.00000 2.00000 0.204934 1002.00 37.0000
7.00000 2.00000 0.103761 1001.00 37.0000
8.00000 2.00000 0.0538682 1001.00 37.0000
9.00000 2.00000 0.121058 1001.00 37.0000
10.0000 2.00000 0.108061 1001.00 37.0000
1.00000 3.00000 0.143085 1003.00 36.0000
2.00000 3.00000 0.151603 1004.00 36.0000
3.00000 3.00000 0.122991 1004.00 36.0000
4.00000 3.00000 0.0956201 1003.00 37.0000
5.00000 3.00000 0.100016 1002.00 36.0000
6.00000 3.00000 0.237073 1002.00 36.0000
7.00000 3.00000 0.112204 1001.00 36.0000
8.00000 3.00000 0.0621963 1002.00 36.0000
9.00000 3.00000 0.130287 1001.00 36.0000
10.0000 3.00000 0.140984 1001.00 36.0000
1.00000 4.00000 0.201223 1003.00 35.0000
2.00000 4.00000 0.168210 1005.00 35.0000
3.00000 4.00000 0.158937 1004.00 35.0000
4.00000 4.00000 0.105160 1004.00 36.0000
5.00000 4.00000 0.193652 1002.00 35.0000
6.00000 4.00000 0.271354 1002.00 35.0000
7.00000 4.00000 0.112828 1002.00 35.0000
8.00000 4.00000 0.0668532 1002.00 35.0000
9.00000 4.00000 0.135248 1002.00 35.0000
10.0000 4.00000 0.212732 1002.00 35.0000
1.00000 5.00000 0.222841 1004.00 34.0000
2.00000 5.00000 0.214766 1005.00 34.0000
3.00000 5.00000 0.189245 1004.00 34.0000
4.00000 5.00000 0.107078 1005.00 35.0000
5.00000 5.00000 0.224459 1003.00 34.0000
6.00000 5.00000 0.276269 1002.00 34.0000
7.00000 5.00000 0.116614 1003.00 34.0000
8.00000 5.00000 0.0878598 1003.00 34.0000
9.00000 5.00000 0.172910 1003.00 34.0000
10.0000 5.00000 0.293847 1002.00 34.0000
1.00000 6.00000 0.241737 1005.00 33.0000
2.00000 6.00000 0.264393 1006.00 33.0000
3.00000 6.00000 0.240553 1005.00 33.0000
4.00000 6.00000 0.171197 1006.00 34.0000
5.00000 6.00000 0.267804 1004.00 33.0000
6.00000 6.00000 0.276962 1003.00 33.0000
7.00000 6.00000 0.198002 1004.00 33.0000
8.00000 6.00000 0.192187 1004.00 33.0000
9.00000 6.00000 0.257916 1004.00 33.0000
10.0000 6.00000 0.310002 1003.00 33.0000
1.00000 7.00000 0.293985 1006.00 32.0000
2.00000 7.00000 0.304412 1007.00 32.0000
3.00000 7.00000 0.444914 1005.00 32.0000
4.00000 7.00000 0.244924 1006.00 33.0000
5.00000 7.00000 0.275474 1004.00 32.0000
6.00000 7.00000 0.342612 1003.00 32.0000
7.00000 7.00000 0.262137 1005.00 32.0000
8.00000 7.00000 0.307288 1004.00 32.0000
9.00000 7.00000 0.320826 1005.00 32.0000
10.0000 7.00000 0.323977 1003.00 32.0000
1.00000 8.00000 0.325786 1007.00 31.0000
2.00000 8.00000 0.352386 1007.00 31.0000
3.00000 8.00000 0.464812 1006.00 31.0000
4.00000 8.00000 0.288919 1007.00 32.0000
5.00000 8.00000 0.323250 1005.00 31.0000
6.00000 8.00000 0.371616 1004.00 31.0000
7.00000 8.00000 0.276023 1005.00 31.0000
8.00000 8.00000 0.376992 1005.00 31.0000
9.00000 8.00000 0.361698 1006.00 31.0000
10.0000 8.00000 0.385199 1004.00 31.0000
1.00000 9.00000 0.334105 1007.00 30.0000
2.00000 9.00000 0.407802 1007.00 30.0000
3.00000 9.00000 0.481243 1007.00 30.0000
4.00000 9.00000 0.350251 1008.00 31.0000
5.00000 9.00000 0.348036 1006.00 30.0000
6.00000 9.00000 0.406455 1005.00 30.0000
7.00000 9.00000 0.339282 1005.00 30.0000
8.00000 9.00000 0.404226 1006.00 30.0000
9.00000 9.00000 0.366024 1006.00 30.0000
10.0000 9.00000 0.390119 1005.00 30.0000
1.00000 10.0000 0.404556 1008.00 29.0000
2.00000 10.0000 0.409689 1007.00 29.0000
3.00000 10.0000 0.506255 1007.00 29.0000
4.00000 10.0000 0.381858 1009.00 30.0000
5.00000 10.0000 0.392788 1006.00 29.0000
6.00000 10.0000 0.412729 1006.00 29.0000
7.00000 10.0000 0.388977 1005.00 29.0000
8.00000 10.0000 0.465409 1006.00 29.0000
9.00000 10.0000 0.452990 1007.00 29.0000
10.0000 10.0000 0.476649 1006.00 29.0000
1.00000 11.0000 0.468805 1009.00 28.0000
2.00000 11.0000 0.411706 1008.00 28.0000
3.00000 11.0000 0.522365 1008.00 28.0000
4.00000 11.0000 0.400366 1009.00 29.0000
5.00000 11.0000 0.542260 1006.00 28.0000
6.00000 11.0000 0.459918 1006.00 28.0000
7.00000 11.0000 0.426517 1005.00 28.0000
8.00000 11.0000 0.494861 1007.00 28.0000
9.00000 11.0000 0.471247 1007.00 28.0000
10.0000 11.0000 0.481127 1007.00 28.0000
1.00000 12.0000 0.500552 1009.00 27.0000
2.00000 12.0000 0.433376 1008.00 27.0000
3.00000 12.0000 0.615039 1009.00 27.0000
4.00000 12.0000 0.423606 1009.00 28.0000
5.00000 12.0000 0.603547 1007.00 27.0000
6.00000 12.0000 0.476865 1007.00 27.0000
7.00000 12.0000 0.474853 1005.00 27.0000
8.00000 12.0000 0.496498 1007.00 27.0000
9.00000 12.0000 0.472990 1008.00 27.0000
10.0000 12.0000 0.497918 1008.00 27.0000
1.00000 13.0000 0.504759 1010.00 26.0000
2.00000 13.0000 0.440219 1009.00 27.0000
3.00000 13.0000 0.636520 1009.00 26.0000
4.00000 13.0000 0.426294 1009.00 27.0000
5.00000 13.0000 0.639552 1008.00 26.0000
6.00000 13.0000 0.506875 1008.00 26.0000
7.00000 13.0000 0.534230 1006.00 26.0000
8.00000 13.0000 0.554119 1008.00 26.0000
9.00000 13.0000 0.686076 1008.00 26.0000
10.0000 13.0000 0.535379 1009.00 26.0000
1.00000 14.0000 0.520373 1010.00 25.0000
2.00000 14.0000 0.548480 1009.00 26.0000
3.00000 14.0000 0.688791 1009.00 25.0000
4.00000 14.0000 0.507570 1010.00 26.0000
5.00000 14.0000 0.800521 1009.00 25.0000
6.00000 14.0000 0.559245 1009.00 25.0000
7.00000 14.0000 0.688788 1007.00 25.0000
8.00000 14.0000 0.638203 1008.00 25.0000
9.00000 14.0000 0.850389 1008.00 25.0000
10.0000 14.0000 0.557989 1010.00 25.0000
1.00000 15.0000 0.534615 1010.00 24.0000
2.00000 15.0000 0.812068 1010.00 25.0000
3.00000 15.0000 0.703448 1010.00 24.0000
4.00000 15.0000 0.525403 1010.00 25.0000
5.00000 15.0000 0.827633 1009.00 24.0000
6.00000 15.0000 0.602223 1010.00 24.0000
7.00000 15.0000 0.797627 1008.00 24.0000
8.00000 15.0000 0.920106 1008.00 24.0000
9.00000 15.0000 0.896950 1008.00 24.0000
10.0000 15.0000 0.599592 1011.00 24.0000
